00001100000000110111101111010100
00011100000100110111101101111001
00100000000000110111101100000000
00010000000000110111101100111100
00001100001000110111101101000110
00000100001100110111101110100000
00000100000000110111101110101010
00110000000000110111101110111101
00010000000000110111101100110101
10011000101100110111101100011010
10001000011000110111101101100000
00101100001100011011111100010010
01001100001100000001011100101010
01011100001100000001011101010100
01101100001100000001011100101101
01111100001100000001011101011010
00010000000000000001011100100011
00011000000000000001011100111011
00000100001100000000001101000101
00001100001100000000001100010000
00001100001100000000001100000010
00001100001100000000001100000100
00001100001100000000001100001000
00001100001100000000001100010000
00001100001100000000001100100000
00001100001100000000001101000000
00001100001100000000001110000000
10000001101100000000001100000000
00000000000000000000001100000000
00000000000000110111101100000000
00000000000000110111101100000000
00000000000000000000001100000000
